       15300         15526
       12675         12450
       12667         12441
        3150          3606
       12000         12220
       12783         12784
       12559         13461
       12721         12496
        3373          3371
       12775         13001
       13452         14134
       12735         12960
       12959         13634
       12956         13632
       12215         12663
       25279         25277
       25275         25274
       25272         25271
       25309         25310
       25195         25179
        3606          3600
        3596          3824
        4049          3819
        4496          4271
        5612          4264
       12741         12740
       12787         12786
       15526         15525
       13129         13124
       12946         12948
       12719         12720
       12733         12958
       25376         25377
       25352         25353
       25413         25424
       25411         25412
       12453         12224
       13857         14301
       16323         10939
        7813         17680
       24975         25280
       17680          4701
       25354         25374
       14465         20546
       24235             0
       18968         18743
       18973         18972
       17175         16949
       12895         12669
       17177         17178
       14471         14470
       13575         13576
       14025         14026
       14924         15375
       13585         13586
       18074         17847
       15828         16053
       14028         14253
       14478         14703
       13814         13813
       14035         14036
       14701         14702
       13581         13807
       14709         14935
       14936         15161
       17396         17171
       15160         15385
       16058         15833
       15155         15156
       14933         15157
       16731         16056
       14486         14711
       18520         18519
       15611         15609
       17172         17171
       18518         18293
       18068         17844
       17394         17169
       12888         13338
       16270         16045
       16720         16495
       15371         15596
       14693         14918
       14014         14240
       14266         14265
       14490         14489
       15164         15163
       15838         15837
       16062         16060
       16285         16283
       16733         16732
       17182         17180
       17630         17627
       18302         18299
       18524         18522
       12906         12905
       17401         17400
       13125         13126
       17176         16950
       16726         16501
       16276         16277
       13346         13572
       14925         15377
       13795         14021
       13800         13801
       14246         14472
       14250         14251
       13805         14256
       13791         14016
       13810         13811
       14480         14254
       14923         15149
       14704         14930
       15387         15386
       15829         16054
       15830         15605
       14260         14710
       18295         18294
       15159         15384
       17179         16953
       13812         14037
       14262         14034
       15820         15145
       15144         14917
       15834         15376
