       15300         15526
       12675         12450
       12667         12441
        3150          3606
       12000         12220
       12783         12784
       12559         13461
       12721         12496
        3373          3371
       12775         13001
       13452         14134
       12735         12960
       12959         13634
       12956         13632
       12215         12663
       25279         25277
       25275         25274
       25272         25271
       25309         25310
       25195         25179
        3606          3600
        3596          3824
        4049          3819
        4496          4271
        5612          4264
       12741         12740
       12787         12786
       15526         15525
       13129         13124
       12946         12948
       12719         12720
       12733         12958
       25376         25377
       25352         25353
       25413         25424
       25411         25412
       12453         12224
       13857         14301
       16323         10939
        7813         17680
       24975         25280
       17680          4701
       25354         25374
       14465         20546
       24235             0
       18968         18743
       18973         18972
       20091         20092
       21451         21902
       22791         22792
       20318         19867
       23934         24161
       19642         19418
       23718         23721
       23234         23457
       23242         23243
       22569         22794
       21898         22124
       23022         22797
       23683         23907
       19197         19196
       19647         19646
       19871         19870
       22570         22795
       23025         23024
       23249         23248
       23473         23469
       23689         23688
       23686         23685
       23687         23912
       22572         23021
       23694         23464
       23245         23239
