       15300         15526
       12675         12450
       12667         12441
        3150          3606
       12000         12220
       12783         12784
       12559         13461
       12721         12496
        3373          3371
       12775         13001
       13452         14134
       12735         12960
       12959         13634
       12956         13632
       12215         12663
       25279         25277
       25275         25274
       25272         25271
       25309         25310
       25195         25179
        3606          3600
        3596          3824
        4049          3819
        4496          4271
        5612          4264
       12741         12740
       12787         12786
       15526         15525
       13129         13124
       12946         12948
       12719         12720
       12733         12958
       25376         25377
       25352         25353
       25413         25424
       25411         25412
       12453         12224
       13857         14301
       16323         10939
        7813         17680
       24975         25280
       17680          4701
       25354         25374
       14465         20546
       24235             0
        5061          5512
       10911         11136
       11582         10685
       10462         10237
       11812         11585
        7988          7987
        7087          6639
        6193          7759
        7538          7537
        4415          6640
       12262         12037
       11813         11587
        9561          9113
       10687          9560
        8209          8438
        6436          6437
        6434          6209
        6654          6428
        6726          6954
        6426          6427
        6422          6196
        6497          6272
        6049          6047
        6268          6493
        6487          6486
        6415          6416
        6935          6704
        6462          6688
        6475          6247
        6694          6471
        6435          6211
        6499          6498
        6220          6446
        6444          6442
        6222          6223
        6495          6270
        6425          6424
        6651          6200
        6490          6265
        6266          6267
        6464          6465
        6257          6481
        6478          6477
        6202          5751
        7167          6042
        6246          7148
        6215          6219
        7105          6431
        6458          6235
        8042          7815
       11655          9842
        6915          6918
        8494          8268
        9596          9822
        6670          6671
        9607          9608
       10048         10047
        8454          8680
        6672          7122
       11863         12089
        8226          8452
       11588         11363
       11364         10913
        9391          9390
       10697         10471
        9149          8924
        8935          8934
        6868          7319
       10691         10917
       10258         10483
       11149         11150
        9615          9614
       10694         10468
        9610          9385
       10286         10285
        8664          8665
       10014          9789
       12290         12065
       12275         12276
       10482         10707
       10022         10023
        9790          9791
        6864          6862
       10270         10269
        8670          8894
       11371         11597
        9598          9823
       10931         10705
       10027         10252
        9354          9353
        9810         10260
       10284         10735
        8898          9123
        8460          8686
       11169         11394
        7326          7101
        8908          8907
       11603         11829
        9345          9571
        8237          8011
        9578         10028
        9793          9567
       10927         10702
       10289          9839
        8911          9364
       11391         11390
       11822         11821
       12286         12061
       10243         10018
        6877          6876
        9590          9815
        7108          7334
        7767          7765
        6871          6418
        7558          7333
        9566          9341
        8928          8929
       10039         10265
       10717         10716
        7795          7794
        7355          7581
        8700          8475
        7799          8024
        7336          7111
        7116          7341
        8473          8471
        8704          8479
        8018          8244
       11610         11611
        6907          7133
        7568          7793
        6663          6889
       10712         11162
       11387         11612
        7806          7807
        6892          6891
        8030          7805
        6691          6692
        6911          7135
        8717          8492
        8490          8264
        8261          8035
        7811          7812
        6867          6642
        7323          6646
        6881          6880
        7090          7088
        7777          7102
        7995          7994
       10050         10049
       10067         10066
       10274         10273
       10291         10290
       10498         10496
       10515         10514
       10721         10719
       10739         10738
       10944         10941
       11166         11165
       11413         11412
       11620         11619
       12069         12068
       12293         12292
       12517         12516
        7344          7343
       10713         10938
        8677          8678
       10058          9833
        7993          7992
        6879          6653
        7124          7123
        7787          7560
        8932          8707
       11591         11818
       11591         11140
       11593         11594
        9583          9581
        9834          9835
        8248          8474
       10915         10916
        9806         10031
        9161          9160
       10922         11147
       10032         10033
        8672          8896
       11369         11370
        8888          8663
        9124          9349
       12499         12274
       12059         12285
       11381         11606
       11383         11158
       10933         10708
       12278         12504
       10242         10017
        9576          9801
        8702          8476
       10020          9794
       10254         10253
       12270         12045
        8235          8461
       11826         11827
       12281         12507
        6890          7115
        7362          7361
       11385         11386
        7808          7809
        8262          8036
        8491          8265
        8488          8263
        9131          9356
       11368         10466
       11185          9836
        6649          6648
        9799          9344
        8010          7559
       10703         10026
       12044         11825
       11389         11613
       10715          8462
        8250          8026
        7338          7567
       11862          8693
        8457          8683
       10698         10923
       11144         10249
       10483         11608
        8699          8022
        9613          8710
        9117         11377
       11837         12511
        8470          7797
