       15300         15526
       12675         12450
       12667         12441
        3150          3606
       12000         12220
       12783         12784
       12559         13461
       12721         12496
        3373          3371
       12775         13001
       13452         14134
       12735         12960
       12959         13634
       12956         13632
       12215         12663
       25279         25277
       25275         25274
       25272         25271
       25309         25310
       25195         25179
        3606          3600
        3596          3824
        4049          3819
        4496          4271
        5612          4264
       12741         12740
       12787         12786
       15526         15525
       13129         13124
       12946         12948
       12719         12720
       12733         12958
       25376         25377
       25352         25353
       25413         25424
       25411         25412
       12453         12224
       13857         14301
       16323         10939
        7813         17680
       24975         25280
       17680          4701
       25354         25374
       14465         20546
       24235             0
        5061          5512
       10911         11136
       11582         10685
       10462         10237
       11812         11585
        7988          7987
        7087          6639
        6193          7759
        7538          7537
        4415          6640
       12262         12037
       11813         11587
        9561          9113
       10687          9560
        8209          8438
        6373          6372
        6363          5913
        6136          5914
        5470          5457
        6356          6581
        6368          6593
        6340          6341
        6344          6795
        6596          6371
        6599          6594
        6367          6366
        6585          6358
        6362          6361
        6355          6354
        6357          6131
        7033          6588
        7246         11536
        8157          7930
       10181         10406
        9288          8603
        7932          7931
        7256          7255
       10631         10178
        9268          9494
        7687          7688
        7479          7253
        6578          6577
        8591          8365
        9915         10141
        7012          7013
       10402         10176
        7240          7241
        7463          7238
        9046          9272
        9949          9723
        7018          6793
        7919          7470
        9043          8366
        8828          8827
        7689          7464
        7691          7466
        8823          9048
        6563          6564
        8371          8146
        7693          7468
        6792          7017
        6788          7014
        7244          7019
        6794          6569
        6790          7243
        9498          8145
