       15300         15526
       12675         12450
       12667         12441
        3150          3606
       12000         12220
       12783         12784
       12559         13461
       12721         12496
        3373          3371
       12775         13001
       13452         14134
       12735         12960
       12959         13634
       12956         13632
       12215         12663
       25279         25277
       25275         25274
       25272         25271
       25309         25310
       25195         25179
        3606          3600
        3596          3824
        4049          3819
        4496          4271
        5612          4264
       12741         12740
       12787         12786
       15526         15525
       13129         13124
       12946         12948
       12719         12720
       12733         12958
       25376         25377
       25352         25353
       25413         25424
       25411         25412
       12453         12224
       13857         14301
       16323         10939
        7813         17680
       24975         25280
       17680          4701
       25354         25374
       14465         20546
       24235             0
       19118         19569
       13014         13240
       13905         13906
       13229         13228
       13243         13469
       17977         17978
       13706         13932
       17301         17077
       14820         15046
       14596         14821
       15724         15723
       13007         13008
       13251         13476
       18653         19105
       13483         13709
       14140         14366
       16632         16857
       17289         17063
       17299         17298
       16405         16406
       15278         15503
       15730         15729
       16611         16612
       17062         16837
       17980         17755
       15267         15718
       13248         13474
       16170         16169
       18895         18670
       17082         17306
       17997         18222
       14155         13929
       13237         13463
       13021         13472
       13456         13454
       17518         17293
       17309         17308
       17740         17737
       17758         17757
       18428         18203
       18207         18205
       18674         18673
       18881         18880
       18898         18896
       16625         16626
       17527         17302
       16848         17073
       15043         15268
       15953         15954
       15271         15497
       13907         13679
       18447         19121
       15728         16180
       13475         13476
       16393         16616
       17962         17515
       17300         17075
       17751         17526
       17531         15952
       13702         14381
       16388         18430
