       15300         15526
       12675         12450
       12667         12441
        3150          3606
       12000         12220
       12783         12784
       12559         13461
       12721         12496
        3373          3371
       12775         13001
       13452         14134
       12735         12960
       12959         13634
       12956         13632
       12215         12663
       25279         25277
       25275         25274
       25272         25271
       25309         25310
       25195         25179
        3606          3600
        3596          3824
        4049          3819
        4496          4271
        5612          4264
       12741         12740
       12787         12786
       15526         15525
       13129         13124
       12946         12948
       12719         12720
       12733         12958
       25376         25377
       25352         25353
       25413         25424
       25411         25412
       12453         12224
       13857         14301
       16323         10939
        7813         17680
       24975         25280
       17680          4701
       25354         25374
       14465         20546
       24235             0
        5061          5512
       10911         11136
       11582         10685
       10462         10237
       11812         11585
        7988          7987
        7087          6639
        6193          7759
        7538          7537
        4415          6640
       12262         12037
       11813         11587
        9561          9113
       10687          9560
        8209          8438
        6373          6372
        6363          5913
        6136          5914
        5470          5457
        6356          6581
        6368          6593
        6340          6341
        6344          6795
        6596          6371
        6599          6594
        6367          6366
        6585          6358
        6362          6361
        6355          6354
        6357          6131
        7033          6588
        7246         11536
        3207          3205
        3429          2304
        5906          6353
        2306          2759
        1404          1632
        2564          2082
        3659          2529
        4112          3880
        4121          2987
        4361          1863
        3656          3431
        3209          3427
        4337          4563
        3215          3441
        5960          5961
        4834          4835
        5057          5509
        3660          3435
        2533          2532
        6144          5918
        5926          5927
        5921          5695
        5475          5474
        6139          6364
        3478          3477
         993          1219
        4117          4343
        6141          5917
        5022          4797
        1196          1197
        2536          2760
        1185          1186
        5472          5246
        3473          3700
        3671          3670
        1182          1184
        2994          3220
        4799          4573
        2779          2780
        1870          1871
        1873          1874
        3455          3456
        2763          2538
        1676          1674
        1187          1413
        2124          2349
        1637          1638
        2086          1862
        3685          3235
         992          1218
        1409          1410
        1194          1419
        1867          1642
        1902          1675
        1678          1677
        2313          2307
        2351          2350
        2575          2573
        2796          2795
        3025          2797
        3214          2989
        3247          3242
        3437          3436
        3672          3445
        3467          3465
        3883          3658
        3674          3673
        3690          3687
        3704          3703
        3898          3896
        4359          4134
        4137          4136
        5237          5236
        5478          5477
        5702          5696
        6145          5919
        6369          6143
        6133          5907
        6137          6138
        1899          1898
        5024          5249
        5928          6380
        2539          2767
        3702          3928
        4347          5021
        3895          3444
        1415          1644
        1181          1407
        3221          2762
