       15300         15526
       12675         12450
       12667         12441
        3150          3606
       12000         12220
       12783         12784
       12559         13461
       12721         12496
        3373          3371
       12775         13001
       13452         14134
       12735         12960
       12959         13634
       12956         13632
       12215         12663
       25279         25277
       25275         25274
       25272         25271
       25309         25310
       25195         25179
        3606          3600
        3596          3824
        4049          3819
        4496          4271
        5612          4264
       12741         12740
       12787         12786
       15526         15525
       13129         13124
       12946         12948
       12719         12720
       12733         12958
       25376         25377
       25352         25353
       25413         25424
       25411         25412
       12453         12224
       13857         14301
       16323         10939
        7813         17680
       24975         25280
       17680          4701
       25354         25374
       14465         20546
       24235             0
       19118         19569
       14312         14086
       12945         13171
       13176         13403
       14985         14760
       14535         14310
       15891         15666
       15421         15422
       15879         15878
       15204         14753
       14300         14299
       14527         14302
       14756         14530
       14532         14307
       13860         13859
       14971         14972
       15655         15430
       17225         17226
       14768         15218
       15432         15430
       17228         17003
       16777         17003
       15874         15873
       16556         16555
       12965         12964
       13189         13188
       15213         15212
       15437         15435
       15669         15668
       16335         16334
       16343         16342
       16559         16558
       17008         17007
       17232         17231
       17456         17455
       13173         13399
       14983         14982
       13398         13397
       13401         13402
       14984         14309
       13623         13848
       13178         13404
       16774         16775
       14980         15205
       15654         15653
       15202         15203
       15652         15651
       13183         13407
       14753         14528
       13172         13396
       15442         16567
       14523         15198
       14079         14531
       17005         16102
