       15300         15526
       12675         12450
       12667         12441
        3150          3606
       12000         12220
       12783         12784
       12559         13461
       12721         12496
        3373          3371
       12775         13001
       13452         14134
       12735         12960
       12959         13634
       12956         13632
       12215         12663
       25279         25277
       25275         25274
       25272         25271
       25309         25310
       25195         25179
        3606          3600
        3596          3824
        4049          3819
        4496          4271
        5612          4264
       12741         12740
       12787         12786
       15526         15525
       13129         13124
       12946         12948
       12719         12720
       12733         12958
       25376         25377
       25352         25353
       25413         25424
       25411         25412
       12453         12224
       13857         14301
       16323         10939
        7813         17680
       24975         25280
       17680          4701
       25354         25374
       14465         20546
       24235             0
        5061          5512
       10911         11136
       11582         10685
       10462         10237
       11812         11585
        7988          7987
        7087          6639
        6193          7759
        7538          7537
        4415          6640
       12262         12037
       11813         11587
        9561          9113
       10687          9560
        8209          8438
        6436          6437
        6434          6209
        6654          6428
        6726          6954
        6426          6427
        6422          6196
        6497          6272
        6049          6047
        6268          6493
        6487          6486
        6415          6416
        6935          6704
        6462          6688
        6475          6247
        6694          6471
        6435          6211
        6499          6498
        6220          6446
        6444          6442
        6222          6223
        6495          6270
        6425          6424
        6651          6200
        6490          6265
        6266          6267
        6464          6465
        6257          6481
        6478          6477
        6202          5751
        7167          6042
        6246          7148
        6215          6219
        7105          6431
        6458          6235
        2418          2869
        3097          4003
        5118          5343
        5568          5793
        5792          6018
        2642          2868
        6277          6503
        2227          2228
        2676          2902
        2224          2451
        2909          3135
        5827          6053
        2198          2197
        3338          3336
        2890          2891
        4219          4220
        3334          3559
        3769          3995
        1522          1749
        4447          4222
        3122          3348
        3328          3554
        4225          4224
        4455          4456
        4489          4263
        3556          3557
        3996          3997
        4713          4488
        1752          1977
        2880          3104
        6273          6048
        2876          2875
        4044          4045
        3551          3552
        3808          4034
        3368          3367
        5596          5371
        3590          3589
        3141          3366
        4699          4700
        4923          4922
        5589          5588
        3094          3096
        4255          4254
        5357          5358
        5354          5579
        4460          4685
        6038          5587
        4937          4712
        4693          4919
        4259          4258
        4917          4916
        3804          4029
        3796          3572
        3118          3343
        4912          5135
        4036          3813
        3575          3800
        5807          6031
        3802          4027
        6025          6024
        5575          5800
        2433          2432
        2455          2452
        4706          4481
        4486          4485
        4926          4924
        5149          5148
        5165          5164
        5389          5387
        6051          6050
        6275          6274
        5373          5823
        2648          2423
        4265          4040
        2426          2652
        2645          2871
        2646          2647
        2667          2892
        2649          2650
        3340          3565
        6045          6046
        3820          3821
        4021          4022
        4017          4019
        3583          3809
        3787          4011
        3789          3788
        3771          3772
        5818          5817
        4220          4221
        3121          3346
        2877          3102
        4226          4450
        4006          4007
        4672          4898
        4458          4684
        4237          4462
        5594          5369
        3107          3331
        4454          4680
        5126          5352
        5130          5355
        5363          5362
        5144          5145
        5811          5812
        4473          4474
        4031          4030
        2229          2226
        2205          2428
        2421          2199
        4047          4043
        4223          3998
        3778          3325
        3558          3553
        3814          4034
        4920          4918
        4907          5581
        4915          4913
        3342          3795
        6030          6254
        4710          4261
        2663          2889
        3543          3770
        4009          4005
        4675          4000
        6037          6036
        4025          4698
