       15300         15526
       12675         12450
       12667         12441
        3150          3606
       12000         12220
       12783         12784
       12559         13461
       12721         12496
        3373          3371
       12775         13001
       13452         14134
       12735         12960
       12959         13634
       12956         13632
       12215         12663
       25279         25277
       25275         25274
       25272         25271
       25309         25310
       25195         25179
        3606          3600
        3596          3824
        4049          3819
        4496          4271
        5612          4264
       12741         12740
       12787         12786
       15526         15525
       13129         13124
       12946         12948
       12719         12720
       12733         12958
       25376         25377
       25352         25353
       25413         25424
       25411         25412
       12453         12224
       13857         14301
       16323         10939
        7813         17680
       24975         25280
       17680          4701
       25354         25374
       14465         20546
       24235             0
        5061          5512
       10911         11136
       11582         10685
       10462         10237
       11812         11585
        7988          7987
        7087          6639
        6193          7759
        7538          7537
        4415          6640
       12262         12037
       11813         11587
        9561          9113
       10687          9560
        8209          8438
        6436          6437
        6434          6209
        6654          6428
        6726          6954
        6426          6427
        6422          6196
        6497          6272
        6049          6047
        6268          6493
        6487          6486
        6415          6416
        6935          6704
        6462          6688
        6475          6247
        6694          6471
        6435          6211
        6499          6498
        6220          6446
        6444          6442
        6222          6223
        6495          6270
        6425          6424
        6651          6200
        6490          6265
        6266          6267
        6464          6465
        6257          6481
        6478          6477
        6202          5751
        7167          6042
        6246          7148
        6215          6219
        7105          6431
        6458          6235
        8042          7815
       11655          9842
        6915          6918
        8494          8268
       10522         10297
       10990         11216
        7613          7612
        7836          7835
        6950          7175
       10081          9856
        7164          6938
       11439         11214
       12098         12550
        9632          9407
        9409          9183
       12110         12335
       11890         12116
       12326         12550
        6721          6496
        9182          9181
        8512          8060
       11424         11650
        8071          8069
        6719          6718
        8962          8961
        8510          8736
       10755         10980
       10526         10300
        7618          7392
        6943          6942
        9623          9848
        9413          9187
       10524         10299
        7607          7381
        6702          6701
        7152          7378
        6931          6933
        9621          9170
        9172          8946
        9174          8948
        7826          8051
        8276          8050
        7373          7599
        8726          8725
        8496          8497
        6723          6722
        6947          6944
        7388          7163
        7169          7168
        7402          7401
        7839          7838
        8076          8073
        8298          8295
        8964          8963
        9637          9412
        9859          9857
       10080         10079
       10748         10523
       11431         11430
       12337         12336
        8737          8285
        8508          8733
        7165          6939
        9847          9622
       10979         10754
        9173          8947
        9631          9406
        9397          9398
       10753         10527
        9397          9171
        8731          8956
        8505          8729
       10301         10075
        6698          6697
        6480          6705
        6925          6926
        7150          7149
        7370          7597
        7600          7825
        8499          8273
        8046          8271
       10763         11892
        7849          7847
        9186          9184
       11205         10529
       10073          9849
        8723          8270
        8520          7386
        9864          9634
       10307          9855
        8284          8509
        6927          6699
        7155          7154
