       15300         15526
       12675         12450
       12667         12441
        3150          3606
       12000         12220
       12783         12784
       12559         13461
       12721         12496
        3373          3371
       12775         13001
       13452         14134
       12735         12960
       12959         13634
       12956         13632
       12215         12663
       25279         25277
       25275         25274
       25272         25271
       25309         25310
       25195         25179
        3606          3600
        3596          3824
        4049          3819
        4496          4271
        5612          4264
       12741         12740
       12787         12786
       15526         15525
       13129         13124
       12946         12948
       12719         12720
       12733         12958
       25376         25377
       25352         25353
       25413         25424
       25411         25412
       12453         12224
       13857         14301
       16323         10939
        7813         17680
       24975         25280
       17680          4701
       25354         25374
       14465         20546
       24235             0
       19118         19569
       19342         19343
       23842         24068
       24286         24060
       23836         23610
       23163         23162
       22942         22941
       23161         23160
       22699         22698
       24516         24741
       23839         23838
       25197         25196
       25165         25164
       23142         23367
       24513         24738
       24747         24973
       19345         19344
       23170         23168
       23393         23389
       24066         24063
       24512         24284
       23166         23165
       23366         23361
