       15300         15526
       12675         12450
       12667         12441
        3150          3606
       12000         12220
       12783         12784
       12559         13461
       12721         12496
        3373          3371
       12775         13001
       13452         14134
       12735         12960
       12959         13634
       12956         13632
       12215         12663
       25279         25277
       25275         25274
       25272         25271
       25309         25310
       25195         25179
        3606          3600
        3596          3824
        4049          3819
        4496          4271
        5612          4264
       12741         12740
       12787         12786
       15526         15525
       13129         13124
       12946         12948
       12719         12720
       12733         12958
       25376         25377
       25352         25353
       25413         25424
       25411         25412
       12453         12224
       13857         14301
       16323         10939
        7813         17680
       24975         25280
       17680          4701
       25354         25374
       14465         20546
       24235             0
        5061          5512
       10911         11136
       11582         10685
       10462         10237
       11812         11585
        7988          7987
        7087          6639
        6193          7759
        7538          7537
        4415          6640
       12262         12037
       11813         11587
        9561          9113
       10687          9560
        8209          8438
        6373          6372
        6363          5913
        6136          5914
        5470          5457
        6356          6581
        6368          6593
        6340          6341
        6344          6795
        6596          6371
        6599          6594
        6367          6366
        6585          6358
        6362          6361
        6355          6354
        6357          6131
        7033          6588
        7246         11536
        8157          7930
       10181         10406
        9288          8603
        7932          7931
        7256          7255
       10631         10178
        9510          9736
        9957         10182
        9512          9513
       10424         10650
       11537         11538
       12004         12229
       12445         12444
        8654          8880
        9778          9554
        7035          7262
        9968         10194
       10234         10008
       10006          9780
       10230         10681
        9555          9330
       12451         12452
       11134         11133
       11358         11357
        9109          8882
        6591          6590
        8881          8882
        7487          7486
        9105          9106
        6814          6813
        7709          7710
       11130         11356
       11998         11999
        7535          7310
       10189         10415
        7311          7086
        7985          8210
       11310         11084
        8433          8434
       11319         11547
        7084          7310
       11771         11996
       11543         11542
       11767         11992
        7044          7042
        7267          7266
        7491          7490
        7762          7760
        7940          7939
        8164          8162
        8832          8607
        9959          9958
       12259         12034
        8384          8158
       11544         11545
       11540         11766
       11769         11995
       12671         12446
        7707          7482
        7483          7258
        6586          6811
       10231         10457
        9559          9784
        9783          9331
       10010         10236
        7260          7261
       10458         10910
        9782          9781
        9111          9336
        8884          8883
        9739          9966
        7263          7262
       12222         11997
        7711          6590
