       15300         15526
       12675         12450
       12667         12441
        3150          3606
       12000         12220
       12783         12784
       12559         13461
       12721         12496
        3373          3371
       12775         13001
       13452         14134
       12735         12960
       12959         13634
       12956         13632
       12215         12663
       25279         25277
       25275         25274
       25272         25271
       25309         25310
       25195         25179
        3606          3600
        3596          3824
        4049          3819
        4496          4271
        5612          4264
       12741         12740
       12787         12786
       15526         15525
       13129         13124
       12946         12948
       12719         12720
       12733         12958
       25376         25377
       25352         25353
       25413         25424
       25411         25412
       12453         12224
       13857         14301
       16323         10939
        7813         17680
       24975         25280
       17680          4701
       25354         25374
       14465         20546
       24235             0
        5061          5512
       10911         11136
       11582         10685
       10462         10237
       11812         11585
        7988          7987
        7087          6639
        6193          7759
        7538          7537
        4415          6640
       12262         12037
       11813         11587
        9561          9113
       10687          9560
        8209          8438
        6373          6372
        6363          5913
        6136          5914
        5470          5457
        6356          6581
        6368          6593
        6340          6341
        6344          6795
        6596          6371
        6599          6594
        6367          6366
        6585          6358
        6362          6361
        6355          6354
        6357          6131
        7033          6588
        7246         11536
        3207          3205
        3429          2304
        5906          6353
        2306          2759
        1404          1632
        2564          2082
        3659          2529
        4112          3880
        4121          2987
        4361          1863
        3656          3431
        3209          3427
        5401          5627
        5205          5431
        1618          1844
        1626          1853
        2525          2526
        1839          2065
        5182          5408
        4960          5186
        2071          2068
        2076          2077
        2739          2514
        4063          3838
        1623          1850
        4287          4061
        3877          3650
        2970          3196
        3386          3161
        2512          2288
        5451          5676
        2289          2515
        2521          2746
        3181          3182
        4738          4964
        3638          3636
        3185          3186
        4100          4099
        2753          2980
        3836          3837
        6128          5678
        4095          4097
        3614          3839
        4548          4547
        3419          3418
        3380          3379
        4544          4771
        4996          4997
        5449          5674
        5220          5219
        4538          4764
        4542          4994
        2961          3188
        3635          3860
        4540          4765
        6123          6348
        5670          5895
        3845          3844
        5658          5659
        4069          3843
        4990          5215
        2946          2947
        5663          5437
        5887          5662
        3623          3848
        3859          3633
        3630          3854
        4072          4073
        3627          3628
        4306          4081
        4756          4531
        4760          4532
        4302          4303
        5213          5214
        5434          4984
        2300          2302
        2738          2513
        2966          2741
        2972          2971
        4105          4104
        4519          4292
        4741          4516
        2968          3195
        3654          3653
        3388          3390
        4102          3876
        3612          3387
        3841          3840
        3406          3407
        3649          3648
        3863          3862
        3639          3411
        3617          3619
        5002          5001
        4318          4319
        5226          5452
        5225          5450
        3868          3869
        6112          6113
        3621          3396
        4311          4310
        3176          3175
        5661          5436
        4316          4541
        4769          4770
        5221          5222
        4537          4762
        3850          3849
        5446          5445
        4077          4078
        6115          5890
        5210          4986
        4309          4308
        3856          3855
        2067          2297
        2516          2743
        3417          3871
        3189          3641
        4067          3846
        2948          3170
        3165          3398
        4075          4076
        4304          4080
        5440          5892
        4743          4068
        3184          3865
        3857          4761
