       15300         15526
       12675         12450
       12667         12441
        3150          3606
       12000         12220
       12783         12784
       12559         13461
       12721         12496
        3373          3371
       12775         13001
       13452         14134
       12735         12960
       12959         13634
       12956         13632
       12215         12663
       25279         25277
       25275         25274
       25272         25271
       25309         25310
       25195         25179
        3606          3600
        3596          3824
        4049          3819
        4496          4271
        5612          4264
       12741         12740
       12787         12786
       15526         15525
       13129         13124
       12946         12948
       12719         12720
       12733         12958
       25376         25377
       25352         25353
       25413         25424
       25411         25412
       12453         12224
       13857         14301
       16323         10939
        7813         17680
       24975         25280
       17680          4701
       25354         25374
       14465         20546
       24235             0
        5061          5512
       10911         11136
       11582         10685
       10462         10237
       11812         11585
        7988          7987
        7087          6639
        6193          7759
        7538          7537
        4415          6640
       12262         12037
       11813         11587
        9561          9113
       10687          9560
        8209          8438
        6436          6437
        6434          6209
        6654          6428
        6726          6954
        6426          6427
        6422          6196
        6497          6272
        6049          6047
        6268          6493
        6487          6486
        6415          6416
        6935          6704
        6462          6688
        6475          6247
        6694          6471
        6435          6211
        6499          6498
        6220          6446
        6444          6442
        6222          6223
        6495          6270
        6425          6424
        6651          6200
        6490          6265
        6266          6267
        6464          6465
        6257          6481
        6478          6477
        6202          5751
        7167          6042
        6246          7148
        6215          6219
        7105          6431
        6458          6235
        2418          2869
        3097          4003
        5118          5343
        5568          5793
        5792          6018
        2642          2868
        1483          1709
        2848          2622
        2860          2861
        4843          5068
        3307          3306
        2856          3082
        3087          3314
        3068          3293
        3535          3761
        4203          3977
        3984          3985
        3315          3540
        4432          4658
        2865          3091
        3979          3980
        3514          3513
        3756          3983
        5109          5110
        4406          4180
        4659          5110
        4661          4887
        4440          4441
        5990          5765
        3297          3522
        4414          4188
        5983          5982
        6199          5974
        3991          4217
        4409          4410
        5092          5317
        1498          1724
        3958          3732
        3526          3301
        4862          4861
        5304          5530
        4870          5096
        3742          3967
        4418          4417
        5963          6189
        3953          3954
        5535          5308
        3284          3283
        5081          5082
        5987          5536
        5754          5753
        3287          3286
        5748          5747
        1492          1719
        5773          5999
        2830          3056
        5330          5555
        3744          4872
        4621          4395
        5750          5749
        4875          5100
        3750          3749
        2621          2622
        3304          3303
        5099          5098
        6004          6231
        5746          5970
        1476          1475
        4424          4649
        5978          6203
        3051          3275
        3721          3946
        5785          6010
        2175          2402
        3497          3498
        6012          6011
        4399          4173
        6241          6016
        6195          6194
        1702          1701
        1926          1924
        2624          2623
        3951          3726
        4619          4394
        4625          4623
        5070          5069
        4407          4182
        3533          3532
        3091          3542
        3538          3539
        4428          3751
        3531          3528
        3538          3763
        2641          2866
        4207          4208
        4631          4632
        3534          3760
        3734          3959
        3753          3978
        6001          6002
        4211          4210
        3298          3523
        4430          4654
        5544          5318
        6213          5763
        4664          4665
        5985          5761
        4883          4884
        4653          5103
        5334          5335
        4426          4651
        4422          4647
        5089          5088
        5758          5532
        4660          5111
        4645          4871
        4634          4635
        6198          5973
        3748          3973
        5303          5529
        5536          5310
        4891          5117
        3948          3722
        5742          5967
        6467          6242
        2397          3074
        4186          4636
        3076          3525
        5541          5313
        4416          4644
        5086          5080
        3282          3280
        6000          5774
        1474          1698
        1696          2149
        3274          3496
        6009          6239
        5073          3949
        4404          4405
        3740          3510
        4209          4213
        4867          4865
        5108          5333
        3972          4423
        5323          5553
        3943          4184
        4204          4205
