992 1218
993 1219
1181 1407
1182 1184
1185 1186
1187 1413
1194 1419
1196 1197
1404 1632
1409 1410
1415 1644
1474 1698
1476 1475
1483 1709
1492 1719
1498 1724
1522 1749
1618 1844
1623 1850
1626 1853
1637 1638
1676 1674
1678 1677
1696 2149
1702 1701
1752 1977
1839 2065
1867 1642
1870 1871
1873 1874
1899 1898
1902 1675
1926 1924
2067 2297
2071 2068
2076 2077
2086 1862
2124 2349
2175 2402
2198 2197
2205 2428
2224 2451
2227 2228
2229 2226
2289 2515
2300 2302
2306 2759
2313 2307
2351 2350
2397 3074
2418 2869
2421 2199
2426 2652
2433 2432
2455 2452
2512 2288
2516 2743
2521 2746
2525 2526
2533 2532
2536 2760
2539 2767
2564 2082
2575 2573
2621 2622
2624 2623
2641 2866
2642 2868
2645 2871
2646 2647
2648 2423
2649 2650
2663 2889
2667 2892
2676 2902
2738 2513
2739 2514
2753 2980
2763 2538
2779 2780
2796 2795
2830 3056
2848 2622
2856 3082
2860 2861
2865 3091
2876 2875
2877 3102
2880 3104
2890 2891
2909 3135
2946 2947
2948 3170
2961 3188
2966 2741
2968 3195
2970 3196
2972 2971
2994 3220
3025 2797
3051 3275
3068 3293
3076 3525
3087 3314
3091 3542
3094 3096
3097 4003
3107 3331
3118 3343
3121 3346
3122 3348
3141 3366
3150 3606
3165 3398
3176 3175
3181 3182
3184 3865
3185 3186
3189 3641
3207 3205
3209 3427
3214 2989
3215 3441
3221 2762
3247 3242
3274 3496
3282 3280
3284 3283
3287 3286
3297 3522
3298 3523
3304 3303
3307 3306
3315 3540
3328 3554
3334 3559
3338 3336
3340 3565
3342 3795
3368 3367
3373 3371
3380 3379
3386 3161
3388 3390
3406 3407
3417 3871
3419 3418
3429 2304
3437 3436
3455 3456
3467 3465
3473 3700
3478 3477
3497 3498
3514 3513
3526 3301
3531 3528
3533 3532
3534 3760
3535 3761
3538 3539
3543 3770
3551 3552
3556 3557
3558 3553
3575 3800
3583 3809
3590 3589
3596 3824
3606 3600
3612 3387
3614 3839
3617 3619
3621 3396
3623 3848
3627 3628
3630 3854
3635 3860
3638 3636
3639 3411
3649 3648
3654 3653
3656 3431
3659 2529
3660 3435
3671 3670
3672 3445
3674 3673
3685 3235
3690 3687
3702 3928
3704 3703
3721 3946
3734 3959
3740 3510
3742 3967
3744 4872
3748 3973
3750 3749
3753 3978
3756 3983
3769 3995
3771 3772
3778 3325
3787 4011
3789 3788
3796 3572
3802 4027
3804 4029
3808 4034
3814 4034
3820 3821
3836 3837
3841 3840
3845 3844
3850 3849
3856 3855
3857 4761
3859 3633
3863 3862
3868 3869
3877 3650
3883 3658
3895 3444
3898 3896
3943 4184
3948 3722
3951 3726
3953 3954
3958 3732
3972 4423
3979 3980
3984 3985
3991 4217
3996 3997
4006 4007
4009 4005
4017 4019
4021 4022
4025 4698
4031 4030
4036 3813
4044 4045
4047 4043
4049 3819
4063 3838
4067 3846
4069 3843
4072 4073
4075 4076
4077 4078
4095 4097
4100 4099
4102 3876
4105 4104
4112 3880
4117 4343
4121 2987
4137 4136
4186 4636
4203 3977
4204 4205
4207 4208
4209 4213
4211 4210
4219 4220
4220 4221
4223 3998
4225 4224
4226 4450
4237 4462
4255 4254
4259 4258
4265 4040
4287 4061
4302 4303
4304 4080
4306 4081
4309 4308
4311 4310
4316 4541
4318 4319
4337 4563
4347 5021
4359 4134
4361 1863
4399 4173
4404 4405
4406 4180
4407 4182
4409 4410
4414 4188
4415 6640
4416 4644
4418 4417
4422 4647
4424 4649
4426 4651
4428 3751
4430 4654
4432 4658
4440 4441
4447 4222
4454 4680
4455 4456
4458 4684
4460 4685
4473 4474
4486 4485
4489 4263
4496 4271
4519 4292
4537 4762
4538 4764
4540 4765
4542 4994
4544 4771
4548 4547
4619 4394
4621 4395
4625 4623
4631 4632
4634 4635
4645 4871
4653 5103
4659 5110
4660 5111
4661 4887
4664 4665
4672 4898
4675 4000
4693 4919
4699 4700
4706 4481
4710 4261
4713 4488
4738 4964
4741 4516
4743 4068
4756 4531
4760 4532
4769 4770
4799 4573
4834 4835
4843 5068
4862 4861
4867 4865
4870 5096
4875 5100
4883 4884
4891 5117
4907 5581
4912 5135
4915 4913
4917 4916
4920 4918
4923 4922
4926 4924
4937 4712
4960 5186
4990 5215
4996 4997
5002 5001
5022 4797
5024 5249
5057 5509
5061 5512
5070 5069
5073 3949
5081 5082
5086 5080
5089 5088
5092 5317
5099 5098
5108 5333
5109 5110
5118 5343
5126 5352
5130 5355
5144 5145
5149 5148
5165 5164
5182 5408
5205 5431
5210 4986
5213 5214
5220 5219
5221 5222
5225 5450
5226 5452
5237 5236
5303 5529
5304 5530
5323 5553
5330 5555
5334 5335
5354 5579
5357 5358
5363 5362
5373 5823
5389 5387
5401 5627
5434 4984
5440 5892
5446 5445
5449 5674
5451 5676
5470 5457
5472 5246
5475 5474
5478 5477
5535 5308
5536 5310
5541 5313
5544 5318
5568 5793
5575 5800
5589 5588
5594 5369
5596 5371
5612 4264
5658 5659
5661 5436
5663 5437
5670 5895
5702 5696
5742 5967
5746 5970
5748 5747
5750 5749
5754 5753
5758 5532
5773 5999
5785 6010
5792 6018
5807 6031
5811 5812
5818 5817
5827 6053
5887 5662
5906 6353
5921 5695
5926 5927
5928 6380
5960 5961
5963 6189
5978 6203
5983 5982
5985 5761
5987 5536
5990 5765
6000 5774
6001 6002
6004 6231
6009 6239
6012 6011
6025 6024
6030 6254
6037 6036
6038 5587
6045 6046
6049 6047
6051 6050
6112 6113
6115 5890
6123 6348
6128 5678
6133 5907
6136 5914
6137 6138
6139 6364
6141 5917
6144 5918
6145 5919
6193 7759
6195 6194
6198 5973
6199 5974
6202 5751
6213 5763
6215 6219
6220 6446
6222 6223
6241 6016
6246 7148
6257 6481
6266 6267
6268 6493
6273 6048
6275 6274
6277 6503
6340 6341
6344 6795
6355 6354
6356 6581
6357 6131
6362 6361
6363 5913
6367 6366
6368 6593
6369 6143
6373 6372
6415 6416
6422 6196
6425 6424
6426 6427
6434 6209
6435 6211
6436 6437
6444 6442
6458 6235
6462 6688
6464 6465
6467 6242
6475 6247
6478 6477
6480 6705
6487 6486
6490 6265
6495 6270
6497 6272
6499 6498
6563 6564
6578 6577
6585 6358
6586 6811
6591 6590
6596 6371
6599 6594
6649 6648
6651 6200
6654 6428
6663 6889
6670 6671
6672 7122
6691 6692
6694 6471
6698 6697
6702 6701
6719 6718
6721 6496
6723 6722
6726 6954
6788 7014
6790 7243
6792 7017
6794 6569
6814 6813
6864 6862
6867 6642
6868 7319
6871 6418
6877 6876
6879 6653
6881 6880
6890 7115
6892 6891
6907 7133
6911 7135
6915 6918
6925 6926
6927 6699
6931 6933
6935 6704
6943 6942
6947 6944
6950 7175
7012 7013
7018 6793
7033 6588
7035 7262
7044 7042
7084 7310
7087 6639
7090 7088
7105 6431
7108 7334
7116 7341
7124 7123
7150 7149
7152 7378
7155 7154
7164 6938
7165 6939
7167 6042
7169 7168
7240 7241
7244 7019
7246 11536
7256 7255
7260 7261
7263 7262
7267 7266
7311 7086
7323 6646
7326 7101
7336 7111
7338 7567
7344 7343
7355 7581
7362 7361
7370 7597
7373 7599
7388 7163
7402 7401
7463 7238
7479 7253
7483 7258
7487 7486
7491 7490
7535 7310
7538 7537
7558 7333
7568 7793
7600 7825
7607 7381
7613 7612
7618 7392
7687 7688
7689 7464
7691 7466
7693 7468
7707 7482
7709 7710
7711 6590
7762 7760
7767 7765
7777 7102
7787 7560
7795 7794
7799 8024
7806 7807
7808 7809
7811 7812
7813 17680
7826 8051
7836 7835
7839 7838
7849 7847
7919 7470
7932 7931
7940 7939
7985 8210
7988 7987
7993 7992
7995 7994
8010 7559
8018 8244
8030 7805
8042 7815
8046 8271
8071 8069
8076 8073
8157 7930
8164 8162
8209 8438
8226 8452
8235 8461
8237 8011
8248 8474
8250 8026
8261 8035
8262 8036
8276 8050
8284 8509
8298 8295
8371 8146
8384 8158
8433 8434
8454 8680
8457 8683
8460 8686
8470 7797
8473 8471
8488 8263
8490 8264
8491 8265
8494 8268
8496 8497
8499 8273
8505 8729
8508 8733
8510 8736
8512 8060
8520 7386
8591 8365
8654 8880
8664 8665
8670 8894
8672 8896
8677 8678
8699 8022
8700 8475
8702 8476
8704 8479
8717 8492
8723 8270
8726 8725
8731 8956
8737 8285
8823 9048
8828 8827
8832 8607
8881 8882
8884 8883
8888 8663
8898 9123
8908 8907
8911 9364
8928 8929
8932 8707
8935 8934
8962 8961
8964 8963
9043 8366
9046 9272
9105 9106
9109 8882
9111 9336
9117 11377
9124 9349
9131 9356
9149 8924
9161 9160
9172 8946
9173 8947
9174 8948
9182 9181
9186 9184
9268 9494
9288 8603
9345 9571
9354 9353
9391 9390
9397 9398
9409 9183
9413 9187
9498 8145
9510 9736
9512 9513
9555 9330
9559 9784
9561 9113
9566 9341
9576 9801
9578 10028
9583 9581
9590 9815
9596 9822
9598 9823
9607 9608
9610 9385
9613 8710
9615 9614
9621 9170
9623 9848
9631 9406
9632 9407
9637 9412
9739 9966
9778 9554
9782 9781
9783 9331
9790 9791
9793 9567
9799 9344
9806 10031
9810 10260
9834 9835
9847 9622
9859 9857
9864 9634
9915 10141
9949 9723
9957 10182
9959 9958
9968 10194
10006 9780
10010 10236
10014 9789
10020 9794
10022 10023
10027 10252
10032 10033
10039 10265
10048 10047
10050 10049
10058 9833
10067 10066
10073 9849
10080 10079
10081 9856
10181 10406
10189 10415
10230 10681
10231 10457
10234 10008
10242 10017
10243 10018
10254 10253
10258 10483
10270 10269
10274 10273
10284 10735
10286 10285
10289 9839
10291 10290
10301 10075
10307 9855
10402 10176
10424 10650
10458 10910
10462 10237
10482 10707
10483 11608
10498 10496
10515 10514
10522 10297
10524 10299
10526 10300
10631 10178
10687 9560
10691 10917
10694 10468
10697 10471
10698 10923
10703 10026
10712 11162
10713 10938
10715 8462
10717 10716
10721 10719
10739 10738
10748 10523
10753 10527
10755 10980
10763 11892
10911 11136
10915 10916
10922 11147
10927 10702
10931 10705
10933 10708
10944 10941
10979 10754
10990 11216
11130 11356
11134 11133
11144 10249
11149 11150
11166 11165
11169 11394
11185 9836
11205 10529
11310 11084
11319 11547
11358 11357
11364 10913
11368 10466
11369 11370
11371 11597
11381 11606
11383 11158
11385 11386
11387 11612
11389 11613
11391 11390
11413 11412
11424 11650
11431 11430
11439 11214
11537 11538
11540 11766
11543 11542
11544 11545
11582 10685
11588 11363
11591 11818
11593 11594
11603 11829
11610 11611
11620 11619
11655 9842
11767 11992
11769 11995
11771 11996
11812 11585
11813 11587
11822 11821
11826 11827
11837 12511
11862 8693
11863 12089
11890 12116
11998 11999
12000 12220
12004 12229
12044 11825
12059 12285
12069 12068
12098 12550
12110 12335
12215 12663
12222 11997
12259 12034
12262 12037
12270 12045
12275 12276
12278 12504
12281 12507
12286 12061
12290 12065
12293 12292
12326 12550
12337 12336
12445 12444
12451 12452
12453 12224
12499 12274
12517 12516
12559 13461
12667 12441
12671 12446
12675 12450
12719 12720
12721 12496
12733 12958
12735 12960
12741 12740
12775 13001
12783 12784
12787 12786
12888 13338
12895 12669
12906 12905
12945 13171
12946 12948
12956 13632
12959 13634
12965 12964
13007 13008
13014 13240
13021 13472
13125 13126
13129 13124
13172 13396
13173 13399
13176 13403
13178 13404
13183 13407
13189 13188
13229 13228
13237 13463
13243 13469
13248 13474
13251 13476
13346 13572
13398 13397
13401 13402
13452 14134
13456 13454
13475 13476
13483 13709
13575 13576
13581 13807
13585 13586
13623 13848
13702 14381
13706 13932
13791 14016
13795 14021
13800 13801
13805 14256
13810 13811
13812 14037
13814 13813
13857 14301
13860 13859
13905 13906
13907 13679
14014 14240
14025 14026
14028 14253
14035 14036
14079 14531
14140 14366
14155 13929
14246 14472
14250 14251
14260 14710
14262 14034
14266 14265
14300 14299
14312 14086
14465 20546
14471 14470
14478 14703
14480 14254
14486 14711
14490 14489
14523 15198
14527 14302
14532 14307
14535 14310
14596 14821
14693 14918
14701 14702
14704 14930
14709 14935
14753 14528
14756 14530
14768 15218
14820 15046
14872 15098
14923 15149
14924 15375
14925 15377
14933 15157
14936 15161
14971 14972
14980 15205
14983 14982
14984 14309
14985 14760
15043 15268
15099 15325
15144 14917
15155 15156
15159 15384
15160 15385
15164 15163
15202 15203
15204 14753
15213 15212
15267 15718
15271 15497
15278 15503
15300 15526
15371 15596
15387 15386
15421 15422
15432 15430
15437 15435
15442 16567
15526 15525
15611 15609
15652 15651
15654 15653
15655 15430
15669 15668
15724 15723
15728 16180
15730 15729
15820 15145
15828 16053
15829 16054
15830 15605
15834 15376
15838 15837
15874 15873
15879 15878
15891 15666
15953 15954
16058 15833
16062 16060
16170 16169
16270 16045
16276 16277
16285 16283
16323 10939
16335 16334
16343 16342
16388 18430
16393 16616
16405 16406
16556 16555
16559 16558
16611 16612
16625 16626
16632 16857
16720 16495
16726 16501
16731 16056
16733 16732
16774 16775
16777 17003
16848 17073
17005 16102
17008 17007
17062 16837
17082 17306
17172 17171
17175 16949
17176 16950
17177 17178
17179 16953
17182 17180
17225 17226
17228 17003
17232 17231
17289 17063
17299 17298
17300 17075
17301 17077
17309 17308
17394 17169
17396 17171
17401 17400
17456 17455
17518 17293
17527 17302
17531 15952
17630 17627
17680 4701
17740 17737
17751 17526
17758 17757
17962 17515
17977 17978
17980 17755
17997 18222
18068 17844
18074 17847
18207 18205
18295 18294
18302 18299
18428 18203
18447 19121
18518 18293
18520 18519
18524 18522
18653 19105
18674 18673
18881 18880
18895 18670
18898 18896
18968 18743
18973 18972
19118 19569
19197 19196
19342 19343
19345 19344
19642 19418
19647 19646
19731 19957
19871 19870
20091 20092
20318 19867
21451 21902
21898 22124
22569 22794
22570 22795
22572 23021
22657 22656
22699 22698
22791 22792
22871 22870
22879 23104
22942 22941
23022 22797
23025 23024
23142 23367
23161 23160
23163 23162
23166 23165
23170 23168
23234 23457
23242 23243
23245 23239
23249 23248
23288 23289
23366 23361
23393 23389
23432 23890
23434 23433
23473 23469
23533 23534
23536 23989
23640 23641
23646 23647
23683 23907
23686 23685
23687 23912
23689 23688
23694 23464
23718 23721
23836 23610
23839 23838
23842 24068
23863 24089
23905 23903
23934 24161
23992 24219
24066 24063
24094 24096
24125 24123
24235 0
24286 24060
24325 24326
24328 24329
24512 24284
24513 24738
24516 24741
24747 24973
24779 25005
24975 25280
25009 25230
25165 25164
25195 25179
25197 25196
25272 25271
25275 25274
25279 25277
25309 25310
25352 25353
25354 25374
25376 25377
25411 25412
25413 25424
